10 10 7 7
$
&
3.89541674735e-07#1.93649663651e-05#0.000201787583256#0.000440744602959#0.000201787583256#1.93649663651e-05#3.89541674735e-07
1.93649663651e-05#0.000962674719146#0.0100313009264#0.021910375617#0.0100313009264#0.000962674719146#1.93649663651e-05
0.000201787583256#0.0100313009264#0.104528555985#0.228311356736#0.104528555985#0.0100313009264#0.000201787583256
0.000440744602959#0.021910375617#0.228311356736#0.498677850502#0.228311356736#0.021910375617#0.000440744602959
0.000201787583256#0.0100313009264#0.104528555985#0.228311356736#0.104528555985#0.0100313009264#0.000201787583256
1.93649663651e-05#0.000962674719146#0.0100313009264#0.021910375617#0.0100313009264#0.000962674719146#1.93649663651e-05
3.89541674735e-07#1.93649663651e-05#0.000201787583256#0.000440744602959#0.000201787583256#1.93649663651e-05#3.89541674735e-07
&
2.41871926096e-07#1.20239810457e-05#0.000125292759645#0.000273664547206#0.000125292759645#1.20239810457e-05#2.41871926096e-07
1.40574580369e-05#0.00069882690279#0.00728194354534#0.015905226996#0.00728194354534#0.00069882690279#1.40574580369e-05
0.000171254897637#0.00851345452282#0.0887122332633#0.193765331823#0.0887122332633#0.00851345452282#0.000171254897637
0.000437314701248#0.0217398677212#0.226534623662#0.494797108681#0.226534623662#0.0217398677212#0.000437314701248
0.000234077691702#0.0116365126522#0.12125524627#0.26484580722#0.12125524627#0.0116365126522#0.000234077691702
2.62627891492e-05#0.00130558053608#0.0136044615908#0.0297148760374#0.0136044615908#0.00130558053608#2.62627891492e-05
6.1764160068e-07#3.07043112421e-05#0.000319946270201#0.00069882690279#0.000319946270201#3.07043112421e-05#6.1764160068e-07
&
1.47853342743e-07#7.3501121828e-06#7.65899277107e-05#0.000167287782206#7.65899277107e-05#7.3501121828e-06#1.47853342743e-07
1.00464122033e-05#0.000499429065041#0.00520417036323#0.011366953127#0.00520417036323#0.000499429065041#1.00464122033e-05
0.000143088822826#0.00711325750479#0.0741218452904#0.161896994582#0.0741218452904#0.00711325750479#0.000143088822826
0.000427184317104#0.0212362642278#0.221286954757#0.483335146004#0.221286954757#0.0212362642278#0.000427184317104
0.000267325114798#0.0132893145775#0.138477837821#0.302463405649#0.138477837821#0.0132893145775#0.000267325114798
3.50654240817e-05#0.00174317871992#0.0181643393767#0.0396745647946#0.0181643393767#0.00174317871992#3.50654240817e-05
9.64124904361e-07#4.79287520582e-05#0.000499429065041#0.00109085336881#0.000499429065041#4.79287520582e-05#9.64124904361e-07
&
8.89797090072e-08#4.42337542773e-06#4.6092630401e-05#0.000100675560694#4.6092630401e-05#4.42337542773e-06#8.89797090072e-08
7.06853380694e-06#0.000351392234259#0.0036615911636#0.0079976503884#0.0036615911636#0.000351392234259#7.06853380694e-06
0.000117701655086#0.00585120601901#0.0609709668194#0.133172835163#0.0609709668194#0.00585120601901#0.000117701655086
0.000410819142912#0.0204227157211#0.212809584648#0.464818867337#0.212809584648#0.0204227157211#0.000410819142912
0.000300561705625#0.0149415780071#0.155694818118#0.340068747973#0.155694818118#0.0149415780071#0.000300561705625
4.6092630401e-05#0.00229136519989#0.0238765736704#0.0521512315704#0.0238765736704#0.00229136519989#4.6092630401e-05
1.4816451764e-06#7.36558136571e-05#0.000767511202982#0.00167639859186#0.000767511202982#7.36558136571e-05#1.4816451764e-06
&
5.27187328827e-08#2.62076320789e-06#2.73089797335e-05#5.96482956765e-05#2.73089797335e-05#2.62076320789e-06#5.27187328827e-08
4.89623026852e-06#0.00024340228688#0.00253631007162#0.00553981051492#0.00253631007162#0.00024340228688#4.89623026852e-06
9.53177050884e-05#0.00473845103811#0.0493757936537#0.107846648533#0.0493757936537#0.00473845103811#9.53177050884e-05
0.000388955746942#0.0193358386164#0.201484065145#0.440081658455#0.201484065145#0.0193358386164#0.000388955746942
0.000332691480677#0.0165388192101#0.172338453648#0.376421790194#0.172338453648#0.0165388192101#0.000332691480677
5.96482956765e-05#0.00296524688994#0.03089858213#0.0674887081415#0.03089858213#0.00296524688994#5.96482956765e-05
2.24165756385e-06#0.000111437687265#0.00116120736659#0.00253631007162#0.00116120736659#0.000111437687265#2.24165756385e-06
&
3.07505645999e-08#1.528677643e-06#1.59291868285e-05#3.47925427865e-05#1.59291868285e-05#1.528677643e-06#3.07505645999e-08
3.33893894732e-06#0.000165985938357#0.0017296131955#0.003777822544#0.0017296131955#0.000165985938357#3.33893894732e-06
7.59939001647e-05#0.003777822544#0.0393658148819#0.0859828447834#0.0393658148819#0.003777822544#7.59939001647e-05
0.000362546621143#0.0180229833662#0.187803799292#0.410201210688#0.187803799292#0.0180229833662#0.000362546621143
0.000362546621143#0.0180229833662#0.187803799292#0.410201210688#0.187803799292#0.0180229833662#0.000362546621143
7.59939001647e-05#0.003777822544#0.0393658148819#0.0859828447834#0.0393658148819#0.003777822544#7.59939001647e-05
3.33893894732e-06#0.000165985938357#0.0017296131955#0.003777822544#0.0017296131955#0.000165985938357#3.33893894732e-06
&
1.76585635919e-08#8.77845715085e-07#9.14736240583e-06#1.99796763836e-05#9.14736240583e-06#8.77845715085e-07#1.76585635919e-08
2.24165756385e-06#0.000111437687265#0.00116120736659#0.00253631007162#0.00116120736659#0.000111437687265#2.24165756385e-06
5.96482956765e-05#0.00296524688994#0.03089858213#0.0674887081415#0.03089858213#0.00296524688994#5.96482956765e-05
0.000332691480677#0.0165388192101#0.172338453648#0.376421790194#0.172338453648#0.0165388192101#0.000332691480677
0.000388955746942#0.0193358386164#0.201484065145#0.440081658455#0.201484065145#0.0193358386164#0.000388955746942
9.53177050884e-05#0.00473845103811#0.0493757936537#0.107846648533#0.0493757936537#0.00473845103811#9.53177050884e-05
4.89623026852e-06#0.00024340228688#0.00253631007162#0.00553981051492#0.00253631007162#0.00024340228688#4.89623026852e-06
&
9.98324667002e-09#4.96288968596e-07#5.1714498069e-06#1.12954848613e-05#5.1714498069e-06#4.96288968596e-07#9.98324667002e-09
1.4816451764e-06#7.36558136571e-05#0.000767511202982#0.00167639859186#0.000767511202982#7.36558136571e-05#1.4816451764e-06
4.6092630401e-05#0.00229136519989#0.0238765736704#0.0521512315704#0.0238765736704#0.00229136519989#4.6092630401e-05
0.000300561705625#0.0149415780071#0.155694818118#0.340068747973#0.155694818118#0.0149415780071#0.000300561705625
0.000410819142912#0.0204227157211#0.212809584648#0.464818867337#0.212809584648#0.0204227157211#0.000410819142912
0.000117701655086#0.00585120601901#0.0609709668194#0.133172835163#0.0609709668194#0.00585120601901#0.000117701655086
7.06853380694e-06#0.000351392234259#0.0036615911636#0.0079976503884#0.0036615911636#0.000351392234259#7.06853380694e-06
&
5.55651356572e-09#2.76226409872e-07#2.87834528749e-06#6.28688411074e-06#2.87834528749e-06#2.76226409872e-07#5.55651356572e-09
9.64124904361e-07#4.79287520582e-05#0.000499429065041#0.00109085336881#0.000499429065041#4.79287520582e-05#9.64124904361e-07
3.50654240817e-05#0.00174317871992#0.0181643393767#0.0396745647946#0.0181643393767#0.00174317871992#3.50654240817e-05
0.000267325114798#0.0132893145775#0.138477837821#0.302463405649#0.138477837821#0.0132893145775#0.000267325114798
0.000427184317104#0.0212362642278#0.221286954757#0.483335146004#0.221286954757#0.0212362642278#0.000427184317104
0.000143088822826#0.00711325750479#0.0741218452904#0.161896994582#0.0741218452904#0.00711325750479#0.000143088822826
1.00464122033e-05#0.000499429065041#0.00520417036323#0.011366953127#0.00520417036323#0.000499429065041#1.00464122033e-05
&
3.04471821015e-09#1.51359583723e-07#1.57720308036e-06#3.44492824694e-06#1.57720308036e-06#1.51359583723e-07#3.04471821015e-09
6.1764160068e-07#3.07043112421e-05#0.000319946270201#0.00069882690279#0.000319946270201#3.07043112421e-05#6.1764160068e-07
2.62627891492e-05#0.00130558053608#0.0136044615908#0.0297148760374#0.0136044615908#0.00130558053608#2.62627891492e-05
0.000234077691702#0.0116365126522#0.12125524627#0.26484580722#0.12125524627#0.0116365126522#0.000234077691702
0.000437314701248#0.0217398677212#0.226534623662#0.494797108681#0.226534623662#0.0217398677212#0.000437314701248
0.000171254897637#0.00851345452282#0.0887122332633#0.193765331823#0.0887122332633#0.00851345452282#0.000171254897637
1.40574580369e-05#0.00069882690279#0.00728194354534#0.015905226996#0.00728194354534#0.00069882690279#1.40574580369e-05
$
&
2.41871926096e-07#1.40574580369e-05#0.000171254897637#0.000437314701248#0.000234077691702#2.62627891492e-05#6.1764160068e-07
1.20239810457e-05#0.00069882690279#0.00851345452282#0.0217398677212#0.0116365126522#0.00130558053608#3.07043112421e-05
0.000125292759645#0.00728194354534#0.0887122332633#0.226534623662#0.12125524627#0.0136044615908#0.000319946270201
0.000273664547206#0.015905226996#0.193765331823#0.494797108681#0.26484580722#0.0297148760374#0.00069882690279
0.000125292759645#0.00728194354534#0.0887122332633#0.226534623662#0.12125524627#0.0136044615908#0.000319946270201
1.20239810457e-05#0.00069882690279#0.00851345452282#0.0217398677212#0.0116365126522#0.00130558053608#3.07043112421e-05
2.41871926096e-07#1.40574580369e-05#0.000171254897637#0.000437314701248#0.000234077691702#2.62627891492e-05#6.1764160068e-07
&
1.50181694098e-07#8.72847418368e-06#0.000106334584029#0.000271534872803#0.000145342143909#1.63069366082e-05#3.83502390842e-07
8.72847418368e-06#0.000507293928417#0.00618010521924#0.0157814515376#0.0084472022941#0.000947749830995#2.22889396604e-05
0.000106334584029#0.00618010521924#0.0752890945099#0.192257438048#0.102907990933#0.0115459565924#0.000271534872803
0.000271534872803#0.0157814515376#0.192257438048#0.490946567033#0.262784760796#0.0294836330375#0.000693388588687
0.000145342143909#0.0084472022941#0.102907990933#0.262784760796#0.140658546457#0.0157814515376#0.0003711441665
1.63069366082e-05#0.000947749830995#0.0115459565924#0.0294836330375#0.0157814515376#0.00177062979041#4.1641221416e-05
3.83502390842e-07#2.22889396604e-05#0.000271534872803#0.000693388588687#0.0003711441665#4.1641221416e-05#9.79307662396e-07
&
9.18042281694e-08#5.33560924548e-06#6.50010274097e-05#0.000165985938357#8.88458704789e-05#9.9682304033e-06#2.34430309259e-07
6.23795919044e-06#0.000362546621143#0.00441672202254#0.011278494796#0.00603694323603#0.00067732625933#1.59291868285e-05
8.88458704789e-05#0.00516367118816#0.0629063930648#0.160637102175#0.0859828447834#0.00964700782279#0.000226875878247
0.00026524477425#0.0154158746065#0.187803799292#0.479573802056#0.256697358369#0.0288006454138#0.00067732625933
0.000165985938357#0.00964700782279#0.11752461454#0.300109616752#0.160637102175#0.0180229833662#0.000423859942374
2.17726169293e-05#0.00126541204586#0.0154158746065#0.0393658148819#0.0210710023085#0.00236410093916#5.55983250651e-05
5.98638766374e-07#3.47925427865e-05#0.000423859942374#0.00108236428054#0.000579347850981#6.50010274097e-05#1.528677643e-06
&
5.52487576988e-08#3.21102620497e-06#3.91183073497e-05#9.98920972655e-05#5.34683866801e-05#5.99898672664e-06#1.41082645231e-07
4.38895244706e-06#0.000255083406521#0.00310755205942#0.00793541217931#0.00424752005898#0.000476558543041#1.12075827007e-05
7.30826195677e-05#0.00424752005898#0.0517453874665#0.132136475938#0.07072755887#0.00793541217931#0.000186623006896
0.000255083406521#0.0148253017246#0.180609148725#0.461201618214#0.246863437#0.0276973100146#0.000651378297819
0.000186623006896#0.0108464224455#0.132136475938#0.337422311981#0.180609148725#0.0202637848865#0.000476558543041
2.8619565035e-05#0.00166335275452#0.0202637848865#0.0517453874665#0.0276973100146#0.00310755205942#7.30826195677e-05
9.19974410568e-07#5.34683866801e-05#0.000651378297819#0.00166335275452#0.000890328571516#9.98920972655e-05#2.34923695651e-06
&
3.27338056252e-08#1.90247006501e-06#2.31768300774e-05#5.91841089569e-05#3.16789707059e-05#3.55428200809e-06#8.35887009667e-08
3.04013850755e-06#0.000176691111639#0.00215253840045#0.00549669936747#0.00294217115557#0.000330102455034#7.76326564393e-06
5.91841089569e-05#0.00343974656977#0.0419046918125#0.107007379256#0.0572769226825#0.00642629262356#0.000151131916717
0.000241508115256#0.0140363135589#0.170997305162#0.436656915819#0.233725604534#0.0262232860637#0.000616712577155
0.000206572837891#0.0120058952152#0.146261745952#0.373492452582#0.19991610371#0.0224299652012#0.000527502221161
3.70364690079e-05#0.00215253840045#0.0262232860637#0.066963506848#0.0358429823341#0.00402147116486#9.45759368225e-05
1.39187683316e-06#8.08950856368e-05#0.000985503892221#0.00251657235006#0.00134702411106#0.000151131916717#3.55428200809e-06
&
1.90934597521e-08#1.10970096272e-06#1.35189252765e-05#3.45217850705e-05#1.84781799918e-05#2.07319433756e-06#4.87568575409e-08
2.07319433756e-06#0.0001204928694#0.00146790365377#0.00374842329572#0.00200638640796#0.000225110316155#5.29408720491e-06
4.71856856314e-05#0.00274240506706#0.0334093331672#0.0853137209767#0.0456651441623#0.00512348718017#0.0001204928694
0.000225110316155#0.0130832828518#0.159387014328#0.407008999541#0.217856218514#0.0244427902978#0.000574839330236
0.000225110316155#0.0130832828518#0.159387014328#0.407008999541#0.217856218514#0.0244427902978#0.000574839330236
4.71856856314e-05#0.00274240506706#0.0334093331672#0.0853137209767#0.0456651441623#0.00512348718017#0.0001204928694
2.07319433756e-06#0.0001204928694#0.00146790365377#0.00374842329572#0.00200638640796#0.000225110316155#5.29408720491e-06
&
1.09644514697e-08#6.37247649699e-07#7.76326564393e-06#1.98241933085e-05#1.06111260295e-05#1.19053534543e-06#2.79987076865e-08
1.39187683316e-06#8.08950856368e-05#0.000985503892221#0.00251657235006#0.00134702411106#0.000151131916717#3.55428200809e-06
3.70364690079e-05#0.00215253840045#0.0262232860637#0.066963506848#0.0358429823341#0.00402147116486#9.45759368225e-05
0.000206572837891#0.0120058952152#0.146261745952#0.373492452582#0.19991610371#0.0224299652012#0.000527502221161
0.000241508115256#0.0140363135589#0.170997305162#0.436656915819#0.233725604534#0.0262232860637#0.000616712577155
5.91841089569e-05#0.00343974656977#0.0419046918125#0.107007379256#0.0572769226825#0.00642629262356#0.000151131916717
3.04013850755e-06#0.000176691111639#0.00215253840045#0.00549669936747#0.00294217115557#0.000330102455034#7.76326564393e-06
&
6.19873881892e-09#3.60267155577e-07#4.38895244706e-06#1.12075827007e-05#5.99898672664e-06#6.73067657002e-07#1.58290341013e-08
9.19974410568e-07#5.34683866801e-05#0.000651378297819#0.00166335275452#0.000890328571516#9.98920972655e-05#2.34923695651e-06
2.8619565035e-05#0.00166335275452#0.0202637848865#0.0517453874665#0.0276973100146#0.00310755205942#7.30826195677e-05
0.000186623006896#0.0108464224455#0.132136475938#0.337422311981#0.180609148725#0.0202637848865#0.000476558543041
0.000255083406521#0.0148253017246#0.180609148725#0.461201618214#0.246863437#0.0276973100146#0.000651378297819
7.30826195677e-05#0.00424752005898#0.0517453874665#0.132136475938#0.07072755887#0.00793541217931#0.000186623006896
4.38895244706e-06#0.000255083406521#0.00310755205942#0.00793541217931#0.00424752005898#0.000476558543041#1.12075827007e-05
&
3.45011772985e-09#2.00518869604e-07#2.44281991796e-06#6.23795919044e-06#3.33893894732e-06#3.74618567526e-07#8.81018426403e-09
5.98638766374e-07#3.47925427865e-05#0.000423859942374#0.00108236428054#0.000579347850981#6.50010274097e-05#1.528677643e-06
2.17726169293e-05#0.00126541204586#0.0154158746065#0.0393658148819#0.0210710023085#0.00236410093916#5.55983250651e-05
0.000165985938357#0.00964700782279#0.11752461454#0.300109616752#0.160637102175#0.0180229833662#0.000423859942374
0.00026524477425#0.0154158746065#0.187803799292#0.479573802056#0.256697358369#0.0288006454138#0.00067732625933
8.88458704789e-05#0.00516367118816#0.0629063930648#0.160637102175#0.0859828447834#0.00964700782279#0.000226875878247
6.23795919044e-06#0.000362546621143#0.00441672202254#0.011278494796#0.00603694323603#0.00067732625933#1.59291868285e-05
&
1.89050852751e-09#1.09875274584e-07#1.33855486904e-06#3.41811960263e-06#1.82958758135e-06#2.05274037562e-07#4.82758264623e-09
3.83502390842e-07#2.22889396604e-05#0.000271534872803#0.000693388588687#0.0003711441665#4.1641221416e-05#9.79307662396e-07
1.63069366082e-05#0.000947749830995#0.0115459565924#0.0294836330375#0.0157814515376#0.00177062979041#4.1641221416e-05
0.000145342143909#0.0084472022941#0.102907990933#0.262784760796#0.140658546457#0.0157814515376#0.0003711441665
0.000271534872803#0.0157814515376#0.192257438048#0.490946567033#0.262784760796#0.0294836330375#0.000693388588687
0.000106334584029#0.00618010521924#0.0752890945099#0.192257438048#0.102907990933#0.0115459565924#0.000271534872803
8.72847418368e-06#0.000507293928417#0.00618010521924#0.0157814515376#0.0084472022941#0.000947749830995#2.22889396604e-05
$
&
1.47853342743e-07#1.00464122033e-05#0.000143088822826#0.000427184317104#0.000267325114798#3.50654240817e-05#9.64124904361e-07
7.3501121828e-06#0.000499429065041#0.00711325750479#0.0212362642278#0.0132893145775#0.00174317871992#4.79287520582e-05
7.65899277107e-05#0.00520417036323#0.0741218452904#0.221286954757#0.138477837821#0.0181643393767#0.000499429065041
0.000167287782206#0.011366953127#0.161896994582#0.483335146004#0.302463405649#0.0396745647946#0.00109085336881
7.65899277107e-05#0.00520417036323#0.0741218452904#0.221286954757#0.138477837821#0.0181643393767#0.000499429065041
7.3501121828e-06#0.000499429065041#0.00711325750479#0.0212362642278#0.0132893145775#0.00174317871992#4.79287520582e-05
1.47853342743e-07#1.00464122033e-05#0.000143088822826#0.000427184317104#0.000267325114798#3.50654240817e-05#9.64124904361e-07
&
9.18042281694e-08#6.23795919044e-06#8.88458704789e-05#0.00026524477425#0.000165985938357#2.17726169293e-05#5.98638766374e-07
5.33560924548e-06#0.000362546621143#0.00516367118816#0.0154158746065#0.00964700782279#0.00126541204586#3.47925427865e-05
6.50010274097e-05#0.00441672202254#0.0629063930648#0.187803799292#0.11752461454#0.0154158746065#0.000423859942374
0.000165985938357#0.011278494796#0.160637102175#0.479573802056#0.300109616752#0.0393658148819#0.00108236428054
8.88458704789e-05#0.00603694323603#0.0859828447834#0.256697358369#0.160637102175#0.0210710023085#0.000579347850981
9.9682304033e-06#0.00067732625933#0.00964700782279#0.0288006454138#0.0180229833662#0.00236410093916#6.50010274097e-05
2.34430309259e-07#1.59291868285e-05#0.000226875878247#0.00067732625933#0.000423859942374#5.55983250651e-05#1.528677643e-06
&
5.61187990348e-08#3.81318796722e-06#5.43103912521e-05#0.000162140878236#0.000101465168903#1.33093337669e-05#3.65940537756e-07
3.81318796722e-06#0.000259100385672#0.00369030937902#0.0110172287454#0.00689440557904#0.000904349206406#2.48651090061e-05
5.43103912521e-05#0.00369030937902#0.0525602587491#0.156915947711#0.0981954909295#0.0128804453519#0.000354148237709
0.000162140878236#0.0110172287454#0.156915947711#0.468464486897#0.293157584968#0.0384539067623#0.00105729133899
0.000101465168903#0.00689440557904#0.0981954909295#0.293157584968#0.183453328967#0.0240638399587#0.000661636013432
1.33093337669e-05#0.000904349206406#0.0128804453519#0.0384539067623#0.0240638399587#0.00315648888367#8.67877581059e-05
3.65940537756e-07#2.48651090061e-05#0.000354148237709#0.00105729133899#0.000661636013432#8.67877581059e-05#2.38623205551e-06
&
3.37728881561e-08#2.29481694103e-06#3.26845691822e-05#9.75780993246e-05#6.1062814245e-05#8.00969814879e-06#2.20226894837e-07
2.68291281634e-06#0.000182299889597#0.00259645693166#0.00775158855416#0.00485082016623#0.000636289135802#1.7494789191e-05
4.46745092491e-05#0.00303556569349#0.0432348895208#0.12907553777#0.0807734075674#0.0105951653402#0.000291314394103
0.000155929358736#0.0105951653402#0.150904592156#0.450517894235#0.281926894253#0.0369807607283#0.00101678714386
0.000114080355863#0.00775158855416#0.110404158101#0.329605932542#0.206262122056#0.0270557025192#0.000743897365763
1.7494789191e-05#0.00118874460572#0.0169310260051#0.0505467068569#0.0316313208892#0.00414912636279#0.000114080355863
5.62369077038e-07#3.8212132736e-05#0.000544246939124#0.00162482122946#0.00101678714386#0.000133373448385#3.66710703023e-06
&
2.00097740175e-08#1.35963404105e-06#1.93649663651e-05#5.78131105495e-05#3.61785201274e-05#4.7455890999e-06#1.30480117007e-07
1.85839939342e-06#0.000126275442938#0.00179851315237#0.00536936846376#0.0033600649263#0.000440744602959#1.21182862978e-05
3.61785201274e-05#0.00245827601436#0.0350126805426#0.104528555985#0.0654122988826#0.0085802263742#0.000235913585792
0.000147630949637#0.0100313009264#0.142873596257#0.426541769258#0.26692301863#0.0350126805426#0.000962674719146
0.000126275442938#0.0085802263742#0.122206262954#0.364840509237#0.228311356736#0.0299479326986#0.000823419322739
2.26399393869e-05#0.00153834982098#0.021910375617#0.0654122988826#0.0409339706722#0.00536936846376#0.000147630949637
8.50837241803e-07#5.78131105495e-05#0.000823419322739#0.00245827601436#0.00153834982098#0.000201787583256#5.54815575464e-06
&
1.16715978346e-08#7.93067513677e-07#1.12954848613e-05#3.37220887806e-05#2.11027439294e-05#2.76807761115e-06#7.61083783245e-08
1.26731827836e-06#8.61123704141e-05#0.00122647941015#0.0036615911636#0.00229136519989#0.000300561705625#8.26395326107e-06
2.88440310656e-05#0.00195990851688#0.0279145427094#0.0833374307589#0.0521512315704#0.00684075288916#0.00018808670928
0.000137607176106#0.0093502005951#0.133172835163#0.397580646221#0.248799610933#0.032635406798#0.000897311505048
0.000137607176106#0.0093502005951#0.133172835163#0.397580646221#0.248799610933#0.032635406798#0.000897311505048
2.88440310656e-05#0.00195990851688#0.0279145427094#0.0833374307589#0.0521512315704#0.00684075288916#0.00018808670928
1.26731827836e-06#8.61123704141e-05#0.00122647941015#0.0036615911636#0.00229136519989#0.000300561705625#8.26395326107e-06
&
6.70243474429e-09#4.55420357485e-07#6.48645123497e-06#1.93649663651e-05#1.21182862978e-05#1.58957323743e-06#4.37053646334e-08
8.50837241803e-07#5.78131105495e-05#0.000823419322739#0.00245827601436#0.00153834982098#0.000201787583256#5.54815575464e-06
2.26399393869e-05#0.00153834982098#0.021910375617#0.0654122988826#0.0409339706722#0.00536936846376#0.000147630949637
0.000126275442938#0.0085802263742#0.122206262954#0.364840509237#0.228311356736#0.0299479326986#0.000823419322739
0.000147630949637#0.0100313009264#0.142873596257#0.426541769258#0.26692301863#0.0350126805426#0.000962674719146
3.61785201274e-05#0.00245827601436#0.0350126805426#0.104528555985#0.0654122988826#0.0085802263742#0.000235913585792
1.85839939342e-06#0.000126275442938#0.00179851315237#0.00536936846376#0.0033600649263#0.000440744602959#1.21182862978e-05
&
3.78921303501e-09#2.57471325097e-07#3.66710703023e-06#1.09479593271e-05#6.85105788471e-06#8.986632263e-07#2.47087728097e-08
5.62369077038e-07#3.8212132736e-05#0.000544246939124#0.00162482122946#0.00101678714386#0.000133373448385#3.66710703023e-06
1.7494789191e-05#0.00118874460572#0.0169310260051#0.0505467068569#0.0316313208892#0.00414912636279#0.000114080355863
0.000114080355863#0.00775158855416#0.110404158101#0.329605932542#0.206262122056#0.0270557025192#0.000743897365763
0.000155929358736#0.0105951653402#0.150904592156#0.450517894235#0.281926894253#0.0369807607283#0.00101678714386
4.46745092491e-05#0.00303556569349#0.0432348895208#0.12907553777#0.0807734075674#0.0105951653402#0.000291314394103
2.68291281634e-06#0.000182299889597#0.00259645693166#0.00775158855416#0.00485082016623#0.000636289135802#1.7494789191e-05
&
2.10901466511e-09#1.43304373615e-07#2.04105243855e-06#6.09345702143e-06#3.81318796722e-06#5.00181411219e-07#1.37525031533e-08
3.65940537756e-07#2.48651090061e-05#0.000354148237709#0.00105729133899#0.000661636013432#8.67877581059e-05#2.38623205551e-06
1.33093337669e-05#0.000904349206406#0.0128804453519#0.0384539067623#0.0240638399587#0.00315648888367#8.67877581059e-05
0.000101465168903#0.00689440557904#0.0981954909295#0.293157584968#0.183453328967#0.0240638399587#0.000661636013432
0.000162140878236#0.0110172287454#0.156915947711#0.468464486897#0.293157584968#0.0384539067623#0.00105729133899
5.43103912521e-05#0.00369030937902#0.0525602587491#0.156915947711#0.0981954909295#0.0128804453519#0.000354148237709
3.81318796722e-06#0.000259100385672#0.00369030937902#0.0110172287454#0.00689440557904#0.000904349206406#2.48651090061e-05
&
1.15564468265e-09#7.85243175918e-08#1.11840445524e-06#3.33893894732e-06#2.08945460228e-06#2.74076798896e-07#7.53574994295e-09
2.34430309259e-07#1.59291868285e-05#0.000226875878247#0.00067732625933#0.000423859942374#5.55983250651e-05#1.528677643e-06
9.9682304033e-06#0.00067732625933#0.00964700782279#0.0288006454138#0.0180229833662#0.00236410093916#6.50010274097e-05
8.88458704789e-05#0.00603694323603#0.0859828447834#0.256697358369#0.160637102175#0.0210710023085#0.000579347850981
0.000165985938357#0.011278494796#0.160637102175#0.479573802056#0.300109616752#0.0393658148819#0.00108236428054
6.50010274097e-05#0.00441672202254#0.0629063930648#0.187803799292#0.11752461454#0.0154158746065#0.000423859942374
5.33560924548e-06#0.000362546621143#0.00516367118816#0.0154158746065#0.00964700782279#0.00126541204586#3.47925427865e-05
$
&
8.89797090072e-08#7.06853380694e-06#0.000117701655086#0.000410819142912#0.000300561705625#4.6092630401e-05#1.4816451764e-06
4.42337542773e-06#0.000351392234259#0.00585120601901#0.0204227157211#0.0149415780071#0.00229136519989#7.36558136571e-05
4.6092630401e-05#0.0036615911636#0.0609709668194#0.212809584648#0.155694818118#0.0238765736704#0.000767511202982
0.000100675560694#0.0079976503884#0.133172835163#0.464818867337#0.340068747973#0.0521512315704#0.00167639859186
4.6092630401e-05#0.0036615911636#0.0609709668194#0.212809584648#0.155694818118#0.0238765736704#0.000767511202982
4.42337542773e-06#0.000351392234259#0.00585120601901#0.0204227157211#0.0149415780071#0.00229136519989#7.36558136571e-05
8.89797090072e-08#7.06853380694e-06#0.000117701655086#0.000410819142912#0.000300561705625#4.6092630401e-05#1.4816451764e-06
&
5.52487576988e-08#4.38895244706e-06#7.30826195677e-05#0.000255083406521#0.000186623006896#2.8619565035e-05#9.19974410568e-07
3.21102620497e-06#0.000255083406521#0.00424752005898#0.0148253017246#0.0108464224455#0.00166335275452#5.34683866801e-05
3.91183073497e-05#0.00310755205942#0.0517453874665#0.180609148725#0.132136475938#0.0202637848865#0.000651378297819
9.98920972655e-05#0.00793541217931#0.132136475938#0.461201618214#0.337422311981#0.0517453874665#0.00166335275452
5.34683866801e-05#0.00424752005898#0.07072755887#0.246863437#0.180609148725#0.0276973100146#0.000890328571516
5.99898672664e-06#0.000476558543041#0.00793541217931#0.0276973100146#0.0202637848865#0.00310755205942#9.98920972655e-05
1.41082645231e-07#1.12075827007e-05#0.000186623006896#0.000651378297819#0.000476558543041#7.30826195677e-05#2.34923695651e-06
&
3.37728881561e-08#2.68291281634e-06#4.46745092491e-05#0.000155929358736#0.000114080355863#1.7494789191e-05#5.62369077038e-07
2.29481694103e-06#0.000182299889597#0.00303556569349#0.0105951653402#0.00775158855416#0.00118874460572#3.8212132736e-05
3.26845691822e-05#0.00259645693166#0.0432348895208#0.150904592156#0.110404158101#0.0169310260051#0.000544246939124
9.75780993246e-05#0.00775158855416#0.12907553777#0.450517894235#0.329605932542#0.0505467068569#0.00162482122946
6.1062814245e-05#0.00485082016623#0.0807734075674#0.281926894253#0.206262122056#0.0316313208892#0.00101678714386
8.00969814879e-06#0.000636289135802#0.0105951653402#0.0369807607283#0.0270557025192#0.00414912636279#0.000133373448385
2.20226894837e-07#1.7494789191e-05#0.000291314394103#0.00101678714386#0.000743897365763#0.000114080355863#3.66710703023e-06
&
2.03248821077e-08#1.61460537355e-06#2.68855932459e-05#9.3839941043e-05#6.86547674865e-05#1.05285495916e-05#3.38439672052e-07
1.61460537355e-06#0.000128263991815#0.00213578721372#0.00745462986005#0.00545392371363#0.000836386290278#2.68855932459e-05
2.68855932459e-05#0.00213578721372#0.0355640500326#0.12413073157#0.0908159832494#0.0139270821002#0.000447685320528
9.3839941043e-05#0.00745462986005#0.12413073157#0.433258824741#0.316978927559#0.0486102929264#0.00156257530566
6.86547674865e-05#0.00545392371363#0.0908159832494#0.316978927559#0.231906737449#0.0355640500326#0.00114320451503
1.05285495916e-05#0.000836386290278#0.0139270821002#0.0486102929264#0.0355640500326#0.00545392371363#0.000175316090499
3.38439672052e-07#2.68855932459e-05#0.000447685320528#0.00156257530566#0.00114320451503#0.000175316090499#5.63552649465e-06
&
1.20420941208e-08#9.5662202483e-07#1.59291868285e-05#5.55983250651e-05#4.06766035609e-05#6.23795919044e-06#2.00518869604e-07
1.11840445524e-06#8.88458704789e-05#0.00147941656482#0.00516367118816#0.003777822544#0.000579347850981#1.86231061537e-05
2.17726169293e-05#0.0017296131955#0.0288006454138#0.10052412989#0.0735450245141#0.011278494796#0.000362546621143
8.88458704789e-05#0.00705790169572#0.11752461454#0.410201210688#0.300109616752#0.0460233003269#0.00147941656482
7.59939001647e-05#0.00603694323603#0.10052412989#0.350863688818#0.256697358369#0.0393658148819#0.00126541204586
1.36249555216e-05#0.00108236428054#0.0180229833662#0.0629063930648#0.0460233003269#0.00705790169572#0.000226875878247
5.12042871563e-07#4.06766035609e-05#0.00067732625933#0.00236410093916#0.0017296131955#0.00026524477425#8.52627929699e-06
&
7.02409130362e-09#5.5799268616e-07#9.29141240333e-06#3.24302158468e-05#2.37264527637e-05#3.63856937692e-06#1.16961620966e-07
7.62685574341e-07#6.05876196545e-05#0.00100887444353#0.00352131780895#0.00257625114352#0.000395080908698#1.2699855e-05
1.73586436614e-05#0.0013789678673#0.0229618764974#0.0801448239227#0.0586352057611#0.00899200003543#0.000289047367502
8.28134573092e-05#0.00657868776141#0.109544986126#0.382349570851#0.279732921756#0.0428984329413#0.0013789678673
8.28134573092e-05#0.00657868776141#0.109544986126#0.382349570851#0.279732921756#0.0428984329413#0.0013789678673
1.73586436614e-05#0.0013789678673#0.0229618764974#0.0801448239227#0.0586352057611#0.00899200003543#0.000289047367502
7.62685574341e-07#6.05876196545e-05#0.00100887444353#0.00352131780895#0.00257625114352#0.000395080908698#1.2699855e-05
&
4.03359627943e-09#3.20428241256e-07#5.33560924548e-06#1.86231061537e-05#1.36249555216e-05#2.08945460228e-06#6.71654081321e-08
5.12042871563e-07#4.06766035609e-05#0.00067732625933#0.00236410093916#0.0017296131955#0.00026524477425#8.52627929699e-06
1.36249555216e-05#0.00108236428054#0.0180229833662#0.0629063930648#0.0460233003269#0.00705790169572#0.000226875878247
7.59939001647e-05#0.00603694323603#0.10052412989#0.350863688818#0.256697358369#0.0393658148819#0.00126541204586
8.88458704789e-05#0.00705790169572#0.11752461454#0.410201210688#0.300109616752#0.0460233003269#0.00147941656482
2.17726169293e-05#0.0017296131955#0.0288006454138#0.10052412989#0.0735450245141#0.011278494796#0.000362546621143
1.11840445524e-06#8.88458704789e-05#0.00147941656482#0.00516367118816#0.003777822544#0.000579347850981#1.86231061537e-05
&
2.28038857267e-09#1.8115370233e-07#3.01647996199e-06#1.05285495916e-05#7.70285143138e-06#1.18127052587e-06#3.79718788329e-08
3.38439672052e-07#2.68855932459e-05#0.000447685320528#0.00156257530566#0.00114320451503#0.000175316090499#5.63552649465e-06
1.05285495916e-05#0.000836386290278#0.0139270821002#0.0486102929264#0.0355640500326#0.00545392371363#0.000175316090499
6.86547674865e-05#0.00545392371363#0.0908159832494#0.316978927559#0.231906737449#0.0355640500326#0.00114320451503
9.3839941043e-05#0.00745462986005#0.12413073157#0.433258824741#0.316978927559#0.0486102929264#0.00156257530566
2.68855932459e-05#0.00213578721372#0.0355640500326#0.12413073157#0.0908159832494#0.0139270821002#0.000447685320528
1.61460537355e-06#0.000128263991815#0.00213578721372#0.00745462986005#0.00545392371363#0.000836386290278#2.68855932459e-05
&
1.26922738243e-09#1.00827219616e-07#1.67892393963e-06#5.8600203488e-06#4.28728247313e-06#6.57476061521e-07#2.11345333663e-08
2.20226894837e-07#1.7494789191e-05#0.000291314394103#0.00101678714386#0.000743897365763#0.000114080355863#3.66710703023e-06
8.00969814879e-06#0.000636289135802#0.0105951653402#0.0369807607283#0.0270557025192#0.00414912636279#0.000133373448385
6.1062814245e-05#0.00485082016623#0.0807734075674#0.281926894253#0.206262122056#0.0316313208892#0.00101678714386
9.75780993246e-05#0.00775158855416#0.12907553777#0.450517894235#0.329605932542#0.0505467068569#0.00162482122946
3.26845691822e-05#0.00259645693166#0.0432348895208#0.150904592156#0.110404158101#0.0169310260051#0.000544246939124
2.29481694103e-06#0.000182299889597#0.00303556569349#0.0105951653402#0.00775158855416#0.00118874460572#3.8212132736e-05
&
6.95479220631e-10#5.52487576988e-08#9.19974410568e-07#3.21102620497e-06#2.34923695651e-06#3.60267155577e-07#1.15807687396e-08
1.41082645231e-07#1.12075827007e-05#0.000186623006896#0.000651378297819#0.000476558543041#7.30826195677e-05#2.34923695651e-06
5.99898672664e-06#0.000476558543041#0.00793541217931#0.0276973100146#0.0202637848865#0.00310755205942#9.98920972655e-05
5.34683866801e-05#0.00424752005898#0.07072755887#0.246863437#0.180609148725#0.0276973100146#0.000890328571516
9.98920972655e-05#0.00793541217931#0.132136475938#0.461201618214#0.337422311981#0.0517453874665#0.00166335275452
3.91183073497e-05#0.00310755205942#0.0517453874665#0.180609148725#0.132136475938#0.0202637848865#0.000651378297819
3.21102620497e-06#0.000255083406521#0.00424752005898#0.0148253017246#0.0108464224455#0.00166335275452#5.34683866801e-05
$
&
5.27187328827e-08#4.89623026852e-06#9.53177050884e-05#0.000388955746942#0.000332691480677#5.96482956765e-05#2.24165756385e-06
2.62076320789e-06#0.00024340228688#0.00473845103811#0.0193358386164#0.0165388192101#0.00296524688994#0.000111437687265
2.73089797335e-05#0.00253631007162#0.0493757936537#0.201484065145#0.172338453648#0.03089858213#0.00116120736659
5.96482956765e-05#0.00553981051492#0.107846648533#0.440081658455#0.376421790194#0.0674887081415#0.00253631007162
2.73089797335e-05#0.00253631007162#0.0493757936537#0.201484065145#0.172338453648#0.03089858213#0.00116120736659
2.62076320789e-06#0.00024340228688#0.00473845103811#0.0193358386164#0.0165388192101#0.00296524688994#0.000111437687265
5.27187328827e-08#4.89623026852e-06#9.53177050884e-05#0.000388955746942#0.000332691480677#5.96482956765e-05#2.24165756385e-06
&
3.27338056252e-08#3.04013850755e-06#5.91841089569e-05#0.000241508115256#0.000206572837891#3.70364690079e-05#1.39187683316e-06
1.90247006501e-06#0.000176691111639#0.00343974656977#0.0140363135589#0.0120058952152#0.00215253840045#8.08950856368e-05
2.31768300774e-05#0.00215253840045#0.0419046918125#0.170997305162#0.146261745952#0.0262232860637#0.000985503892221
5.91841089569e-05#0.00549669936747#0.107007379256#0.436656915819#0.373492452582#0.066963506848#0.00251657235006
3.16789707059e-05#0.00294217115557#0.0572769226825#0.233725604534#0.19991610371#0.0358429823341#0.00134702411106
3.55428200809e-06#0.000330102455034#0.00642629262356#0.0262232860637#0.0224299652012#0.00402147116486#0.000151131916717
8.35887009667e-08#7.76326564393e-06#0.000151131916717#0.000616712577155#0.000527502221161#9.45759368225e-05#3.55428200809e-06
&
2.00097740175e-08#1.85839939342e-06#3.61785201274e-05#0.000147630949637#0.000126275442938#2.26399393869e-05#8.50837241803e-07
1.35963404105e-06#0.000126275442938#0.00245827601436#0.0100313009264#0.0085802263742#0.00153834982098#5.78131105495e-05
1.93649663651e-05#0.00179851315237#0.0350126805426#0.142873596257#0.122206262954#0.021910375617#0.000823419322739
5.78131105495e-05#0.00536936846376#0.104528555985#0.426541769258#0.364840509237#0.0654122988826#0.00245827601436
3.61785201274e-05#0.0033600649263#0.0654122988826#0.26692301863#0.228311356736#0.0409339706722#0.00153834982098
4.7455890999e-06#0.000440744602959#0.0085802263742#0.0350126805426#0.0299479326986#0.00536936846376#0.000201787583256
1.30480117007e-07#1.21182862978e-05#0.000235913585792#0.000962674719146#0.000823419322739#0.000147630949637#5.54815575464e-06
&
1.20420941208e-08#1.11840445524e-06#2.17726169293e-05#8.88458704789e-05#7.59939001647e-05#1.36249555216e-05#5.12042871563e-07
9.5662202483e-07#8.88458704789e-05#0.0017296131955#0.00705790169572#0.00603694323603#0.00108236428054#4.06766035609e-05
1.59291868285e-05#0.00147941656482#0.0288006454138#0.11752461454#0.10052412989#0.0180229833662#0.00067732625933
5.55983250651e-05#0.00516367118816#0.10052412989#0.410201210688#0.350863688818#0.0629063930648#0.00236410093916
4.06766035609e-05#0.003777822544#0.0735450245141#0.300109616752#0.256697358369#0.0460233003269#0.0017296131955
6.23795919044e-06#0.000579347850981#0.011278494796#0.0460233003269#0.0393658148819#0.00705790169572#0.00026524477425
2.00518869604e-07#1.86231061537e-05#0.000362546621143#0.00147941656482#0.00126541204586#0.000226875878247#8.52627929699e-06
&
7.13470464656e-09#6.62632710182e-07#1.28998486156e-05#5.2639436179e-05#4.50248957678e-05#8.07251898996e-06#3.03375361323e-07
6.62632710182e-07#6.15417358328e-05#0.00119806804522#0.00488886562032#0.00418166836418#0.000749731825114#2.81758598056e-05
1.28998486156e-05#0.00119806804522#0.0233234734371#0.0951743332846#0.0814069212546#0.0145954567254#0.000548515520772
5.2639436179e-05#0.00488886562032#0.0951743332846#0.388370700471#0.332191063911#0.0595585758943#0.0022382857822
4.50248957678e-05#0.00418166836418#0.0814069212546#0.332191063911#0.28413807429#0.0509431495923#0.00191450728499
8.07251898996e-06#0.000749731825114#0.0145954567254#0.0595585758943#0.0509431495923#0.0091336034316#0.000343252241919
3.03375361323e-07#2.81758598056e-05#0.000548515520772#0.0022382857822#0.00191450728499#0.000343252241919#1.28998486156e-05
&
4.16163636981e-09#3.86510237372e-07#7.52441507016e-06#3.07043112421e-05#2.62627891492e-05#4.70865863254e-06#1.76957281335e-07
4.51876248145e-07#4.19678175634e-05#0.000817011422732#0.00333391669359#0.0028516500655#0.00051127268401#1.92142670013e-05
1.0284656003e-05#0.000955183125047#0.0185950942716#0.0758795941967#0.0649032563342#0.0116365126522#0.000437314701248
4.90653496588e-05#0.00455692382952#0.0887122332633#0.362001297869#0.309636118611#0.0555146970325#0.0020863117562
4.90653496588e-05#0.00455692382952#0.0887122332633#0.362001297869#0.309636118611#0.0555146970325#0.0020863117562
1.0284656003e-05#0.000955183125047#0.0185950942716#0.0758795941967#0.0649032563342#0.0116365126522#0.000437314701248
4.51876248145e-07#4.19678175634e-05#0.000817011422732#0.00333391669359#0.0028516500655#0.00051127268401#1.92142670013e-05
&
2.38982670526e-09#2.21954155781e-07#4.32090804631e-06#1.76320025232e-05#1.50814509693e-05#2.70395516235e-06#1.016180173e-07
3.03375361323e-07#2.81758598056e-05#0.000548515520772#0.0022382857822#0.00191450728499#0.000343252241919#1.28998486156e-05
8.07251898996e-06#0.000749731825114#0.0145954567254#0.0595585758943#0.0509431495923#0.0091336034316#0.000343252241919
4.50248957678e-05#0.00418166836418#0.0814069212546#0.332191063911#0.28413807429#0.0509431495923#0.00191450728499
5.2639436179e-05#0.00488886562032#0.0951743332846#0.388370700471#0.332191063911#0.0595585758943#0.0022382857822
1.28998486156e-05#0.00119806804522#0.0233234734371#0.0951743332846#0.0814069212546#0.0145954567254#0.000548515520772
6.62632710182e-07#6.15417358328e-05#0.00119806804522#0.00488886562032#0.00418166836418#0.000749731825114#2.81758598056e-05
&
1.35108551571e-09#1.25481502222e-07#2.44281991796e-06#9.9682304033e-06#8.52627929699e-06#1.528677643e-06#5.74496180025e-08
2.00518869604e-07#1.86231061537e-05#0.000362546621143#0.00147941656482#0.00126541204586#0.000226875878247#8.52627929699e-06
6.23795919044e-06#0.000579347850981#0.011278494796#0.0460233003269#0.0393658148819#0.00705790169572#0.00026524477425
4.06766035609e-05#0.003777822544#0.0735450245141#0.300109616752#0.256697358369#0.0460233003269#0.0017296131955
5.55983250651e-05#0.00516367118816#0.10052412989#0.410201210688#0.350863688818#0.0629063930648#0.00236410093916
1.59291868285e-05#0.00147941656482#0.0288006454138#0.11752461454#0.10052412989#0.0180229833662#0.00067732625933
9.5662202483e-07#8.88458704789e-05#0.0017296131955#0.00705790169572#0.00603694323603#0.00108236428054#4.06766035609e-05
&
7.51992337225e-10#6.98409738225e-08#1.35963404105e-06#5.54815575464e-06#4.7455890999e-06#8.50837241803e-07#3.19755278346e-08
